 53 15 43 42 24 22 10 82 22  6 68 46 90 60 70  2 14 36 39 53  9 44 38 36 38 45 75 42 98 67
 41 50 86 79 88 64 17 51 68 25  3 84 93 65 99 67 36 70 43 58 42  7 69 68  0 94 83 63 23 74
 63  1 40 15 84 73 19 91 45 67 91 49 91 11 33 20 13 22 34 50 83 82 42 37 38 31  3 22 35  9
  9 49 34 92 44 80 94 21 94 35 90 47 45 95 30 82 28 89 25  7 49 42 69  4 51 77 13 73 85 68
 74 67  7 82  2 64 31  5 69 88 39 15 92 30 36 87 35 70 15 17 85 25 83 62  7 97 42 97 77 31
 96 68 88 34 52 55  9 74 94 65  0 53 45 85 16 12 62 69 98 61 96 56  1 48 89 81  9 76 21 34
 43 32  6 10 35 17 79 18 59 37 78 58 56 72 67 67 50 58 30 40 84 18 72 26  4 41 68 88 32 38
 93 95 74  4 98 33 22 68 90 60 81 65 73 34 12 82 27 22  5 87 63 49 33 82 11 82 83 59 66 27
 36 89 98 94 63 64 72 66 55 52 52 73 23 31 21 29 17 57 80 46 50 19 39 36 24  7 14 86 17 90
 53 62 56 15  5 45 58 62 39 89 18 12 97 17 96 34  8  1 58 92 10 39 80 63 77 89 42 24 11 32
 11 83 40  8 37 12 16 65 62 41  1 70 68 64 89 92 29 38 44 25  0 88  5 69 44 93 17 88 50 41
  0 53 25 13 22  3 94 54 33 42  8  2  1 61 37 76 60 29 13 32 80 64 47 91 13 43 18 80 79 92
 49 79 11 85 10 52 81 33 84 27 90 32 11 47 35 69 96 25 70  1 61 35 19 99 42 28 86 34 33 17
 31 55 15 37  6 67 75 33  8 43 74 63 85 30 52 35 47 55 90 98 83 80 76 59 15 34 38  0 72 58
 77 30 61 11 63 59 79 41 51 14 83 61  1 36 85 34 30 55 98 31 74 60 59 78 55 80 35 57 26 89
 19 27 31 38  1 17 82 65 24 17 31 54 62 35 45  0 85 42 38 21 26 97 73 21 23  7 82 35 95 43
  7 89  8 60 31 53 36 49 39 24  0 12 58 66 21 68 25 54 83 59 91 83 92 37 23  7  1 50 32 19
 27 22 20 36 49 79 40 88 96  2 35 12 63 10 41 64 48 13 69 43  6 89 94  9  0 58 63 82 51 92
 38 61 79 72 14 80 56 74  7 10 94 58 85 19 73 99 71 55 51 46 79 18 82 75 47 69 43 86 78 56
 27 26 91 12 15 30 76 47  3 74 43 84 31 87  6 79 50  2 69 39 18 27 28 47 39 31  1 25 87 31
 23 23 87 41 40 88 48 16  3 77 68 75 13  4 49 10 25 39 82 80 79 45 17 72 67 42 33 71 37  1
 54 94 94 83 17 68 88 65  4 37 63 52 57 13  9 92 78 67 43 87 25 66  0 32 69 13 86 24 56 16
 54 15 14 22 97 14 71 38 64 84 96 55 99  2 80 55 42 64 92 21 68 60 63 90 89 17 76  5 13 28
 65 86 81 81 17 25 42 42 99 86 55 76 49 16 96 99  8 10 85 62 53 54 15 37 49 56 61 82 19 21
 21 99 82 73 34 75 98 89 13  2 23 17 71  1 37 21 45 93 80 54 33 60  0 32  5 43 65  6 57  1